8 8 100 5 80
001 002 003 004 005 006 007 008
009 010 011 012 013 014 015 016
017 018 019 020 021 022 023 024
025 026 027 028 029 030 031 032
033 034 035 036 037 038 039 040
041 042 043 044 045 046 047 048
049 050 051 052 053 054 055 056
057 058 059 060 061 062 063 064
///
064 063 062 061 060 059 058 057
056 055 054 053 052 051 050 049
048 047 046 045 044 043 042 041
040 039 038 037 036 035 034 033
032 031 030 029 028 027 026 025
024 023 022 021 020 019 018 017
016 015 014 013 012 011 010 009
008 007 006 005 004 003 002 001